

( 0,  1)  ( 0,  3)  ( 0,  5)  ( 0,  7)  ( 0,  9)  ( 0, 11)  ( 0, 13)  ( 0, 15)  
( 1,  1)  ( 1,  3)  ( 1,  5)  ( 1,  7)  ( 1,  9)  ( 1, 11)  ( 1, 13)  ( 1, 15)  
( 2,  1)  ( 2,  3)  ( 2,  5)  ( 2,  7)  ( 2,  9)  ( 2, 11)  ( 2, 13)  ( 2, 15)  
( 3,  1)  ( 3,  3)  ( 3,  5)  ( 3,  7)  ( 3,  9)  ( 3, 11)  ( 3, 13)  ( 3, 15)  
( 4,  1)  ( 4,  3)  ( 4,  5)  ( 4,  7)  ( 4,  9)  ( 4, 11)  ( 4, 13)  ( 4, 15)  
( 5,  1)  ( 5,  3)  ( 5,  5)  ( 5,  7)  ( 5,  9)  ( 5, 11)  ( 5, 13)  ( 5, 15)  
( 6,  1)  ( 6,  3)  ( 6,  5)  ( 6,  7)  ( 6,  9)  ( 6, 11)  ( 6, 13)  ( 6, 15)  
( 7,  1)  ( 7,  3)  ( 7,  5)  ( 7,  7)  ( 7,  9)  ( 7, 11)  ( 7, 13)  ( 7, 15)  

( 0,  1)  ( 1,  1)  ( 0,  3)  ( 1,  3)  ( 0,  5)  ( 1,  5)  ( 0,  7)  ( 1,  7)  
( 0,  9)  ( 1,  9)  ( 0, 11)  ( 1, 11)  ( 0, 13)  ( 1, 13)  ( 0, 15)  ( 1, 15)  
( 2,  1)  ( 3,  1)  ( 2,  3)  ( 3,  3)  ( 2,  5)  ( 3,  5)  ( 2,  7)  ( 3,  7)  
( 2,  9)  ( 3,  9)  ( 2, 11)  ( 3, 11)  ( 2, 13)  ( 3, 13)  ( 2, 15)  ( 3, 15)  
( 4,  1)  ( 5,  1)  ( 4,  3)  ( 5,  3)  ( 4,  5)  ( 5,  5)  ( 4,  7)  ( 5,  7)  
( 4,  9)  ( 5,  9)  ( 4, 11)  ( 5, 11)  ( 4, 13)  ( 5, 13)  ( 4, 15)  ( 5, 15)  
( 6,  1)  ( 7,  1)  ( 6,  3)  ( 7,  3)  ( 6,  5)  ( 7,  5)  ( 6,  7)  ( 7,  7)  
( 6,  9)  ( 7,  9)  ( 6, 11)  ( 7, 11)  ( 6, 13)  ( 7, 13)  ( 6, 15)  ( 7, 15)  

( 0,  1)  ( 1,  1)  ( 2,  1)  ( 3,  1)  ( 0,  3)  ( 1,  3)  ( 2,  3)  ( 3,  3)  
( 0,  9)  ( 1,  9)  ( 2,  9)  ( 3,  9)  ( 0, 11)  ( 1, 11)  ( 2, 11)  ( 3, 11)  
( 0,  5)  ( 1,  5)  ( 2,  5)  ( 3,  5)  ( 0,  7)  ( 1,  7)  ( 2,  7)  ( 3,  7)  
( 0, 13)  ( 1, 13)  ( 2, 13)  ( 3, 13)  ( 0, 15)  ( 1, 15)  ( 2, 15)  ( 3, 15)  
( 4,  1)  ( 5,  1)  ( 6,  1)  ( 7,  1)  ( 4,  3)  ( 5,  3)  ( 6,  3)  ( 7,  3)  
( 4,  9)  ( 5,  9)  ( 6,  9)  ( 7,  9)  ( 4, 11)  ( 5, 11)  ( 6, 11)  ( 7, 11)  
( 4,  5)  ( 5,  5)  ( 6,  5)  ( 7,  5)  ( 4,  7)  ( 5,  7)  ( 6,  7)  ( 7,  7)  
( 4, 13)  ( 5, 13)  ( 6, 13)  ( 7, 13)  ( 4, 15)  ( 5, 15)  ( 6, 15)  ( 7, 15)  

( 0,  1)  ( 1,  1)  ( 2,  1)  ( 3,  1)  ( 4,  1)  ( 5,  1)  ( 6,  1)  ( 7,  1)  
( 0,  9)  ( 1,  9)  ( 2,  9)  ( 3,  9)  ( 4,  9)  ( 5,  9)  ( 6,  9)  ( 7,  9)  
( 0,  5)  ( 1,  5)  ( 2,  5)  ( 3,  5)  ( 4,  5)  ( 5,  5)  ( 6,  5)  ( 7,  5)  
( 0, 13)  ( 1, 13)  ( 2, 13)  ( 3, 13)  ( 4, 13)  ( 5, 13)  ( 6, 13)  ( 7, 13)  
( 0,  3)  ( 1,  3)  ( 2,  3)  ( 3,  3)  ( 4,  3)  ( 5,  3)  ( 6,  3)  ( 7,  3)  
( 0, 11)  ( 1, 11)  ( 2, 11)  ( 3, 11)  ( 4, 11)  ( 5, 11)  ( 6, 11)  ( 7, 11)  
( 0,  7)  ( 1,  7)  ( 2,  7)  ( 3,  7)  ( 4,  7)  ( 5,  7)  ( 6,  7)  ( 7,  7)  
( 0, 15)  ( 1, 15)  ( 2, 15)  ( 3, 15)  ( 4, 15)  ( 5, 15)  ( 6, 15)  ( 7, 15)  
